18 0.297607421875 0.5201822916666666 0.04638671875 0.06380208333333333 0.4121052920818329
18 0.407958984375 0.5240885416666666 0.04833984375 0.06380208333333333 0.7498944401741028
18 0.43896484375 0.5179036458333334 0.0234375 0.035807291666666664 0.42044690251350403
18 0.4873046875 0.5188802083333334 0.0205078125 0.041666666666666664 0.9277815818786621
18 0.517578125 0.5185546875 0.017578125 0.037109375 0.7721623778343201
18 0.6064453125 0.5182291666666666 0.0224609375 0.046875 0.9146925210952759
18 0.631591796875 0.5224609375 0.01904296875 0.035807291666666664 0.91763836145401
18 0.673828125 0.5162760416666666 0.01953125 0.036458333333333336 0.9892295598983765
18 0.699951171875 0.51171875 0.02197265625 0.029947916666666668 0.254982590675354
18 0.79150390625 0.5061848958333334 0.0185546875 0.027994791666666668 0.8445968627929688
