18 0.67919921875 0.5279947916666666 0.0244140625 0.029947916666666668 0.9734294414520264
18 0.81640625 0.5338541666666666 0.060546875 0.048177083333333336 0.8674057126045227
18 0.093017578125 0.568359375 0.01904296875 0.024739583333333332 0.9146448373794556
18 0.124267578125 0.564453125 0.01708984375 0.024739583333333332 0.7553251385688782
18 0.326904296875 0.5579427083333334 0.02490234375 0.029947916666666668 0.9908389449119568
18 0.365478515625 0.5579427083333334 0.02294921875 0.03125 0.9893891215324402
18 0.40185546875 0.556640625 0.025390625 0.033854166666666664 0.9631748199462891
18 0.44287109375 0.5543619791666666 0.021484375 0.035807291666666664 0.9834064841270447
18 0.478759765625 0.5498046875 0.02294921875 0.034505208333333336 0.9602800011634827
18 0.513916015625 0.5462239583333334 0.02685546875 0.037760416666666664 0.6690657734870911
18 0.740478515625 0.5406901041666666 0.06494140625 0.060546875 0.9279606342315674
