18 0.643310546875 0.5250651041666666 0.02294921875 0.026692708333333332 0.5986002087593079
18 0.66259765625 0.5263671875 0.017578125 0.026692708333333332 0.377814382314682
18 0.77734375 0.5328776041666666 0.052734375 0.056640625 0.6048359870910645
18 0.061767578125 0.5654296875 0.01708984375 0.026692708333333332 0.5227861404418945
18 0.089111328125 0.56640625 0.01611328125 0.0234375 0.30857235193252563
18 0.132080078125 0.5618489583333334 0.01708984375 0.026041666666666668 0.9109892249107361
18 0.325439453125 0.5592447916666666 0.02197265625 0.029947916666666668 0.9967077970504761
18 0.3642578125 0.5598958333333334 0.0234375 0.02734375 0.9857980012893677
18 0.402587890625 0.5559895833333334 0.02685546875 0.032552083333333336 0.9054915308952332
18 0.44091796875 0.5504557291666666 0.0224609375 0.034505208333333336 0.9820830225944519
18 0.476318359375 0.548828125 0.02294921875 0.037760416666666664 0.8596910238265991
18 0.511474609375 0.5445963541666666 0.03466796875 0.050130208333333336 0.48801401257514954
18 0.708984375 0.5413411458333334 0.046875 0.064453125 0.7352373600006104
