18 0.3984375 0.5231119791666666 0.0234375 0.041015625 0.2901897430419922
18 0.406005859375 0.525390625 0.04443359375 0.059895833333333336 0.4773982763290405
18 0.44775390625 0.5179036458333334 0.021484375 0.039713541666666664 0.2523803412914276
18 0.440673828125 0.5188802083333334 0.04638671875 0.06380208333333333 0.5024394392967224
18 0.478759765625 0.5130208333333334 0.02099609375 0.036458333333333336 0.7312198877334595
18 0.523193359375 0.5149739583333334 0.02294921875 0.033854166666666664 0.8924946784973145
18 0.605224609375 0.5152994791666666 0.02783203125 0.035807291666666664 0.5266963839530945
18 0.638916015625 0.5231119791666666 0.02001953125 0.039713541666666664 0.9782662987709045
18 0.674560546875 0.51953125 0.01904296875 0.033854166666666664 0.9892769455909729
18 0.7001953125 0.5130208333333334 0.0224609375 0.033854166666666664 0.7548667788505554
18 0.79833984375 0.5078125 0.0185546875 0.02734375 0.8067666888237
18 0.8154296875 0.5042317708333334 0.017578125 0.026692708333333332 0.9203775525093079
